 #### T #### M #### Chi #### E #### Cv #### U ##
   1.0000000000000000        1.2568523560911911E-002   6.9009149177167883E-002 -0.47909364592345266        1.3110623498812757       0.33400625187521793     
  0.99000000953674316        1.2520056573931588E-002   6.9259904248610560E-002 -0.48432116609134057        1.3469823836241475       0.33501140629911952     
  0.98000001907348633        1.2517754917091813E-002   6.9905464123001998E-002 -0.48861368433283803        1.4120679937151051       0.33151742196560285     
  0.97000002861022949        1.2429752508623659E-002   6.9892738835982057E-002 -0.49504527341376925        1.4414198945145198       0.33080474435594753     
  0.95999997854232788        1.2348399596268914E-002   6.9812623625155362E-002 -0.50061024159870182        1.5574047286831971       0.33031860292081194     
  0.94999998807907104        1.2351705323383344E-002   6.9916354520948243E-002 -0.50609361728108160        1.6416953156042520       0.33406544751426970     
  0.93999999761581421        1.2329160751277286E-002   7.0686759632212312E-002 -0.51234181299345027        1.7074252620768724       0.33347726765360419     
  0.93000000715255737        1.2238668737596171E-002   7.0311059078614971E-002 -0.51967558666211744        1.8127121879124348       0.33512075633833982     
  0.92000001668930054        1.2261526951697707E-002   7.1288626237502123E-002 -0.52513596572645693        1.8548924786959486       0.33350674104195743     
  0.91000002622604370        1.2175128532029136E-002   7.0998304835550835E-002 -0.53325637154827021        1.9828124564608942       0.33447396453347200     
  0.89999997615814209        1.2114407933894863E-002   7.1698750225218183E-002 -0.53905004845992421        2.1157775596318320       0.32888520048856429     
  0.88999998569488525        1.2102104535676703E-002   7.1212436320515451E-002 -0.54871461893795215        2.2774637389584158       0.33754765416895538     
  0.87999999523162842        1.2014194000936359E-002   7.1420910467130796E-002 -0.55689788338862234        2.3812030053041511       0.33449609041787609     
  0.87000000476837158        1.1950204371044442E-002   7.1566129958146485E-002 -0.56441698118714845        2.6502855523338895       0.33478428822080930     
  0.86000001430511475        1.1893529448350953E-002   7.1679641959598125E-002 -0.57321372823025685        2.6727212613594942       0.33629859469270618     
  0.85000002384185791        1.1853288654997012E-002   7.2626950963438699E-002 -0.58368814915879341        3.0271286868611571       0.33122786973257579     
  0.83999997377395630        1.1776689595511029E-002   7.2139759275117121E-002 -0.59647079660878821        3.3467810636618327       0.33517998925828829     
  0.82999998331069946        1.1691377069503968E-002   7.2373542101470900E-002 -0.60619466574710679        3.5442424939352248       0.33215156996286843     
