           1           1 -0.13161548846237561      -0.99130084394032991        6.1232339957367660E-017
           1           2 -0.55705841153258817      -0.83047331452659545        6.1232339957367660E-017
           1           3 -0.17379135416643882       0.98478249640059878        6.1232339957367660E-017
           1           4 -0.32778842793744828      -0.94475115586608116        6.1232339957367660E-017
           1           5 -0.57103098926612628      -0.82092850437644638        6.1232339957367660E-017
           1           6  0.77701793351235815      -0.62947845952040682        6.1232339957367660E-017
           1           7 -0.99864668129851486        5.2007748763646111E-002   6.1232339957367660E-017
           1           8 -0.16509829687934255       0.98627711743076574        6.1232339957367660E-017
           1           9 -0.76131665270817317      -0.64838025441034430        6.1232339957367660E-017
           1          10  0.88008987357593516       0.47480713392818197        6.1232339957367660E-017
           1          11  0.45664331157914845      -0.88964986707694660        6.1232339957367660E-017
           1          12 -0.63832017564510157       0.76977097461803967        6.1232339957367660E-017
           1          13 -0.69137837957383108      -0.72249286242693334        6.1232339957367660E-017
           1          14 -0.87260048056809303       0.48843464384944396        6.1232339957367660E-017
           1          15  0.74720887276212333      -0.66458927200606910        6.1232339957367660E-017
           1          16 -0.81692973409890179      -0.57673721012701928        6.1232339957367660E-017
           1          17  -3.6804544794112659E-002  0.99932248322676009        6.1232339957367660E-017
           1          18  0.97783238880763668       0.20938915778700390        6.1232339957367660E-017
           1          19  0.60625584622057560       0.79526967056676678        6.1232339957367660E-017
           1          20 -0.95232521528765901       0.30508471664000786        6.1232339957367660E-017
           2           1  0.99538450211060214       -9.5967145200993711E-002   6.1232339957367660E-017
           2           2 -0.12747135187666681      -0.99184225280572469        6.1232339957367660E-017
           2           3 -0.89116519228388213      -0.45367896144920733        6.1232339957367660E-017
           2           4   4.1429656503594099E-002  0.99914142320393973        6.1232339957367660E-017
           2           5  0.45372819589009078       0.89114012604882931        6.1232339957367660E-017
           2           6  0.99428408858315398      -0.10676680753102448        6.1232339957367660E-017
           2           7  0.87232236084317916      -0.48893117999671731        6.1232339957367660E-017
           2           8  0.38507061686433486       0.92288711120468070        6.1232339957367660E-017
           2           9  0.93393919072945941      -0.35743193480661800        6.1232339957367660E-017
           2          10  0.25699265630855028      -0.96641335597324773        6.1232339957367660E-017
           2          11  0.82037896491994700      -0.57182021118256776        6.1232339957367660E-017
           2          12 -0.78704143729901244      -0.61690013452284531        6.1232339957367660E-017
           2          13  0.13567578521915663      -0.99075328982808086        6.1232339957367660E-017
           2          14  0.99279484542542284      -0.11982652000584317        6.1232339957367660E-017
           2          15  0.79590955606467728       0.60541554205762527        6.1232339957367660E-017
           2          16  0.16523395649488662      -0.98625439903761436        6.1232339957367660E-017
           2          17  0.70655578945776354       0.70765734390573276        6.1232339957367660E-017
           2          18 -0.82703464894268353       0.56215094898812745        6.1232339957367660E-017
           2          19 -0.16664119698304214      -0.98601760200721511        6.1232339957367660E-017
           2          20 -0.99628266923833586       -8.6144314817268905E-002   6.1232339957367660E-017
           3           1 -0.90771224043686849       0.41959324179624330        6.1232339957367660E-017
           3           2 -0.80520444829826510      -0.59299729884771535        6.1232339957367660E-017
           3           3  0.67279682255984818       0.73982730116789563        6.1232339957367660E-017
           3           4 -0.59266239988014235      -0.80545097912182728        6.1232339957367660E-017
           3           5 -0.86523866719227194      -0.50136019865495995        6.1232339957367660E-017
           3           6  -2.0879530484360923E-002  0.99978199884112373        6.1232339957367660E-017
           3           7 -0.34608652042225330       0.93820260092477747        6.1232339957367660E-017
           3           8 -0.96167664475738968       0.27418612460912262        6.1232339957367660E-017
           3           9  0.87757426280211881       0.47944072967085061        6.1232339957367660E-017
           3          10  0.91446791022987539       0.40465842529200419        6.1232339957367660E-017
           3          11 -0.69997095933316578      -0.71417130724372258        6.1232339957367660E-017
           3          12  0.37932692180544381      -0.92526271209511446        6.1232339957367660E-017
           3          13 -0.15498536529634374      -0.98791676600003042        6.1232339957367660E-017
           3          14  0.45592055105930918       0.89002047792271377        6.1232339957367660E-017
           3          15 -0.41318335791805805       0.91064785331079434        6.1232339957367660E-017
           3          16 -0.58646099726975731      -0.80997746800843895        6.1232339957367660E-017
           3          17   6.2592639444325054E-002  0.99803915829359757        6.1232339957367660E-017
           3          18 -0.23852794738636568      -0.97113563332608033        6.1232339957367660E-017
           3          19 -0.55875793345421421      -0.82933079757234140        6.1232339957367660E-017
           3          20  -4.4055619345131684E-002  0.99902907985909839        6.1232339957367660E-017
           4           1  0.28432031990373369       0.95872934433542745        6.1232339957367660E-017
           4           2 -0.74960823590056480       0.66188178149125931        6.1232339957367660E-017
           4           3  0.46773982561362260       0.88386619775559805        6.1232339957367660E-017
           4           4  0.76169527458657849       0.64793542014036920        6.1232339957367660E-017
           4           5  -1.8863842401701598E-002  0.99982206189393708        6.1232339957367660E-017
           4           6 -0.99606059968943894        8.8675147286684533E-002   6.1232339957367660E-017
           4           7  0.99807977908329182       -6.1941541674771901E-002   6.1232339957367660E-017
           4           8  0.25872744961522526      -0.96595036457138994        6.1232339957367660E-017
           4           9 -0.78385246655381990       0.62094710779380613        6.1232339957367660E-017
           4          10 -0.62369868298000830       0.78166485967389054        6.1232339957367660E-017
           4          11  0.40583445798764389      -0.91394660276729256        6.1232339957367660E-017
           4          12 -0.91725927595099632       0.39829062339183169        6.1232339957367660E-017
           4          13  0.98976354925913068       0.14271691055361424        6.1232339957367660E-017
           4          14 -0.54201420209057483       0.84036932638698658        6.1232339957367660E-017
           4          15  0.99999991174141711        4.2013945073587753E-004   6.1232339957367660E-017
           4          16 -0.34694782625778398       0.93788443096950835        6.1232339957367660E-017
           4          17  0.99381568443590140       0.11104226839001824        6.1232339957367660E-017
           4          18  0.86017528604306892       0.50999850713578032        6.1232339957367660E-017
           4          19 -0.70900754305091962       0.70520089612598935        6.1232339957367660E-017
           4          20  0.80421019161827723      -0.59434499047042855        6.1232339957367660E-017
           5           1  0.49821214542303272      -0.86705516442322106        6.1232339957367660E-017
           5           2 -0.92825284542006214      -0.37194980167968666        6.1232339957367660E-017
           5           3  0.38774839107357856      -0.92176525494284667        6.1232339957367660E-017
           5           4 -0.97116739110339256       0.23839861253251915        6.1232339957367660E-017
           5           5 -0.56189984396256321      -0.82720527401295452        6.1232339957367660E-017
           5           6  0.25453195956580993       0.96706436267685347        6.1232339957367660E-017
           5           7   4.7261172562905164E-002 -0.99888256645512608        6.1232339957367660E-017
           5           8  0.90214718365310276      -0.43142839385786236        6.1232339957367660E-017
           5           9   6.6048122354046515E-002  0.99781643879698878        6.1232339957367660E-017
           5          10  0.89629728449898849       0.44345369295986176        6.1232339957367660E-017
           5          11  0.57130789293775042       0.82073582318979343        6.1232339957367660E-017
           5          12  0.22675631366202820       0.97395152559786458        6.1232339957367660E-017
           5          13 -0.98297575645258839      -0.18373530479050987        6.1232339957367660E-017
           5          14  0.98975079399276444      -0.14280534230445407        6.1232339957367660E-017
           5          15  0.31703211070760068      -0.94841480417604385        6.1232339957367660E-017
           5          16 -0.99993254758293315        1.1614658165661011E-002   6.1232339957367660E-017
           5          17  -6.8589965272309206E-002 -0.99764493516678743        6.1232339957367660E-017
           5          18 -0.93838210291294721      -0.34559952102495017        6.1232339957367660E-017
           5          19  0.35108507943222406       0.93634356248124484        6.1232339957367660E-017
           5          20 -0.95435197240097891       0.29868430285899072        6.1232339957367660E-017
           6           1 -0.18333642409159237       0.98305023045687134        6.1232339957367660E-017
           6           2  0.70250105106571104       0.71168270546049606        6.1232339957367660E-017
           6           3 -0.79450133882018148      -0.60726240013106292        6.1232339957367660E-017
           6           4 -0.77397298182398100       0.63321862212548330        6.1232339957367660E-017
           6           5  0.99737933594667627        7.2349569636363520E-002   6.1232339957367660E-017
           6           6  0.82785025364346132       0.56094915771614873        6.1232339957367660E-017
           6           7  0.89846175648150595       0.43905178753783380        6.1232339957367660E-017
           6           8 -0.85595849805021273      -0.51704453349360924        6.1232339957367660E-017
           6           9 -0.99874300582416142        5.0123929587762781E-002   6.1232339957367660E-017
           6          10 -0.91399084536033515       0.40573480821529212        6.1232339957367660E-017
           6          11  0.89885459863996719      -0.43824697432359233        6.1232339957367660E-017
           6          12  0.29183803483925713      -0.95646775242093784        6.1232339957367660E-017
           6          13  0.32367340769225689      -0.94616886714417003        6.1232339957367660E-017
           6          14  0.99775172927571543        6.7018555097223334E-002   6.1232339957367660E-017
           6          15  0.94339458907270579      -0.33167250309354940        6.1232339957367660E-017
           6          16  0.35513118492913659       0.93481647476433971        6.1232339957367660E-017
           6          17 -0.99861085159451535       -5.2691242893643117E-002   6.1232339957367660E-017
           6          18  -3.6787873365723159E-002 -0.99932309708783751        6.1232339957367660E-017
           6          19  0.34076532724624004      -0.94014838815304203        6.1232339957367660E-017
           6          20  0.97288860901277496       0.23127419755171125        6.1232339957367660E-017
           7           1  0.44054223848454754      -0.89773188431236195        6.1232339957367660E-017
           7           2  0.39990833417530641       0.91655513977999792        6.1232339957367660E-017
           7           3 -0.18451840089977015      -0.98282905926177810        6.1232339957367660E-017
           7           4   9.1361308582729742E-002  0.99581781029164729        6.1232339957367660E-017
           7           5 -0.42496068452747138      -0.90521180759308650        6.1232339957367660E-017
           7           6 -0.58460265443321524      -0.81131974980869204        6.1232339957367660E-017
           7           7 -0.86186320500419311      -0.50714082448556663        6.1232339957367660E-017
           7           8  0.89206783122357669      -0.45190152079414853        6.1232339957367660E-017
           7           9  0.81965422437178714      -0.57285857981659316        6.1232339957367660E-017
           7          10  0.89729214024327986      -0.44143721530658708        6.1232339957367660E-017
           7          11  0.86590051163392778      -0.50021625718493212        6.1232339957367660E-017
           7          12  0.80793665430401063      -0.58926934642151685        6.1232339957367660E-017
           7          13  0.85057234595042841      -0.52585804577317707        6.1232339957367660E-017
           7          14  0.75883443783418214       0.65128357568487838        6.1232339957367660E-017
           7          15 -0.72376082325154090       0.69005091893732873        6.1232339957367660E-017
           7          16 -0.89572601725260814       0.44460645746185512        6.1232339957367660E-017
           7          17 -0.89951372499180149      -0.43689250228331195        6.1232339957367660E-017
           7          18  0.29316067972210491      -0.95606318612572538        6.1232339957367660E-017
           7          19  0.72005871777362440       0.69391313790574971        6.1232339957367660E-017
           7          20  0.27713448883474817       0.96083113766067285        6.1232339957367660E-017
           8           1 -0.45602377719595871      -0.88996759189980090        6.1232339957367660E-017
           8           2 -0.64053544565457321       0.76792860531438556        6.1232339957367660E-017
           8           3 -0.22977216704932943      -0.97324444578402558        6.1232339957367660E-017
           8           4  0.47046805419867466       0.88241702724874538        6.1232339957367660E-017
           8           5  0.99881277522307066        4.8713858923182696E-002   6.1232339957367660E-017
           8           6  0.59532567399281411       0.80348450009007744        6.1232339957367660E-017
           8           7 -0.19221576768590579      -0.98135268820792354        6.1232339957367660E-017
           8           8 -0.53474442692708679       0.84501384478032160        6.1232339957367660E-017
           8           9  0.45026892483414832       0.89289299209294959        6.1232339957367660E-017
           8          10  0.95342885158233781       0.30161801168097457        6.1232339957367660E-017
           8          11  0.37542930197365187      -0.92685103399606594        6.1232339957367660E-017
           8          12  0.97616030883915528      -0.21705080383874412        6.1232339957367660E-017
           8          13  0.20993419466805355       0.97771551788292477        6.1232339957367660E-017
           8          14 -0.45498134767163190       0.89050096758560893        6.1232339957367660E-017
           8          15  0.84484437233275078      -0.53501213681343751        6.1232339957367660E-017
           8          16 -0.96986579883667323      -0.24363975916689332        6.1232339957367660E-017
           8          17  0.45547952570246547       0.89024625900132659        6.1232339957367660E-017
           8          18 -0.89872832157492866       0.43850587681251380        6.1232339957367660E-017
           8          19 -0.54615466229254017      -0.83768435872715286        6.1232339957367660E-017
           8          20  -8.1962903419732835E-002  0.99663538090066195        6.1232339957367660E-017
           9           1 -0.98471439488099988      -0.17417680819829676        6.1232339957367660E-017
           9           2 -0.99397291344313043      -0.10962594283003954        6.1232339957367660E-017
           9           3  0.81338642029107100       0.58172375857109115        6.1232339957367660E-017
           9           4 -0.94041977683976008       0.34001565159365210        6.1232339957367660E-017
           9           5  0.92515110149932234      -0.37959905083468082        6.1232339957367660E-017
           9           6 -0.96678020708168844       0.25560913754223968        6.1232339957367660E-017
           9           7 -0.61562915445735011      -0.78803600436917098        6.1232339957367660E-017
           9           8  0.99625598016600592       -8.6452426128309168E-002   6.1232339957367660E-017
           9           9  0.87006533618898707      -0.49293641655120696        6.1232339957367660E-017
           9          10  -7.3877045515219064E-002  0.99726735740519568        6.1232339957367660E-017
           9          11  0.39387336464780554      -0.91916471463009108        6.1232339957367660E-017
           9          12  0.70344566832891953       0.71074903567242342        6.1232339957367660E-017
           9          13  0.31201084858029193      -0.95007853905253858        6.1232339957367660E-017
           9          14 -0.10852605046708901       0.99409360543663838        6.1232339957367660E-017
           9          15 -0.60620324647586676      -0.79530976604221293        6.1232339957367660E-017
           9          16 -0.73057504305379295       0.68283241462817845        6.1232339957367660E-017
           9          17 -0.85142272607441516       0.52448006780430789        6.1232339957367660E-017
           9          18 -0.96208623631072099      -0.27274543791138189        6.1232339957367660E-017
           9          19 -0.63739762441764525       0.77053505331473560        6.1232339957367660E-017
           9          20  0.75072149795830490      -0.66061882542298078        6.1232339957367660E-017
          10           1 -0.94291611069677395      -0.33303034124306019        6.1232339957367660E-017
          10           2   8.8068081815157490E-002 -0.99611445776346341        6.1232339957367660E-017
          10           3  0.99955866714892572        2.9706412228055937E-002   6.1232339957367660E-017
          10           4 -0.12874593775610632       0.99167761067360027        6.1232339957367660E-017
          10           5 -0.45785717447475105      -0.88902576328360550        6.1232339957367660E-017
          10           6 -0.99084829935151197      -0.13498017510811156        6.1232339957367660E-017
          10           7  0.31404157239046798      -0.94940923252858800        6.1232339957367660E-017
          10           8 -0.35364760944172913      -0.93537872989295101        6.1232339957367660E-017
          10           9 -0.72943568322454488      -0.68404940175307616        6.1232339957367660E-017
          10          10  0.96360699160736063       0.26732296146311857        6.1232339957367660E-017
          10          11 -0.99291974638834801      -0.11878710886328790        6.1232339957367660E-017
          10          12  0.10884770992249226      -0.99405843693649565        6.1232339957367660E-017
          10          13  0.30664304061117331      -0.95182458764455879        6.1232339957367660E-017
          10          14  0.26242261545034440       0.96495304077462785        6.1232339957367660E-017
          10          15 -0.52583422927992107       0.85058706980390397        6.1232339957367660E-017
          10          16 -0.87219367055732822      -0.48916071085046764        6.1232339957367660E-017
          10          17 -0.99700061189265798        7.7393668253065623E-002   6.1232339957367660E-017
          10          18 -0.99623164435083855        8.6732409133059407E-002   6.1232339957367660E-017
          10          19  0.97120124131234598       0.23826067420654701        6.1232339957367660E-017
          10          20 -0.15914981140617251       0.98725444416795594        6.1232339957367660E-017
          11           1 -0.45263740173449202       0.89169466890357041        6.1232339957367660E-017
          11           2 -0.48777939438977591      -0.87296693087925359        6.1232339957367660E-017
          11           3 -0.97370708165380804       0.22780368552160080        6.1232339957367660E-017
          11           4 -0.92106464952147549       0.38940969608098042        6.1232339957367660E-017
          11           5  0.10446333789911806      -0.99452873816445075        6.1232339957367660E-017
          11           6  0.47337813638288573       0.88085931907124992        6.1232339957367660E-017
          11           7 -0.89235803899011368       0.45132818463920321        6.1232339957367660E-017
          11           8 -0.59054382159325847      -0.80700557295351427        6.1232339957367660E-017
          11           9 -0.77339507552766806       0.63392433077580534        6.1232339957367660E-017
          11          10   1.5294675570815477E-002  0.99988302960855546        6.1232339957367660E-017
          11          11 -0.39567893615855870       0.91838890426683140        6.1232339957367660E-017
          11          12  0.94286402295815808       0.33317778168893264        6.1232339957367660E-017
          11          13  0.86966515241586706      -0.49364209977825702        6.1232339957367660E-017
          11          14  0.70882823724120159       0.70538112399576647        6.1232339957367660E-017
          11          15   2.5961265061442675E-002  0.99966294955670409        6.1232339957367660E-017
          11          16 -0.73877354104255488      -0.67395374845418321        6.1232339957367660E-017
          11          17 -0.71192367008042989       0.70225685328034437        6.1232339957367660E-017
          11          18  0.99338337423172030       0.11484542568166135        6.1232339957367660E-017
          11          19 -0.96503484953295293       0.26212161144573887        6.1232339957367660E-017
          11          20  0.29874098941321858       0.95433422931612966        6.1232339957367660E-017
          12           1  0.99858887574479027        5.3106094177181977E-002   6.1232339957367660E-017
          12           2 -0.97499351271760759       0.22223332369062113        6.1232339957367660E-017
          12           3  0.18403687685126152       0.98291933949782151        6.1232339957367660E-017
          12           4   9.2184498932333839E-002 -0.99574194355595691        6.1232339957367660E-017
          12           5  0.70156889993676452       0.71260162688666240        6.1232339957367660E-017
          12           6  0.98871254169318168      -0.14982493083131582        6.1232339957367660E-017
          12           7  0.94533498459491561       0.32610085387948734        6.1232339957367660E-017
          12           8 -0.74595273906148107       0.66599888219626457        6.1232339957367660E-017
          12           9 -0.85982389967789630       0.51059069864490758        6.1232339957367660E-017
          12          10 -0.97043416426982387       0.24136597278392113        6.1232339957367660E-017
          12          11 -0.28738897917833650       0.95781395617668552        6.1232339957367660E-017
          12          12 -0.40388563619599571      -0.91480948446906463        6.1232339957367660E-017
          12          13  0.54904180886842924       0.83579488638928823        6.1232339957367660E-017
          12          14  0.99470747011969018      -0.10274750064155114        6.1232339957367660E-017
          12          15 -0.19820959209662903       0.98015965923970161        6.1232339957367660E-017
          12          16 -0.68777334471416451      -0.72592549638423021        6.1232339957367660E-017
          12          17  0.18786019162591006       0.98219577905948896        6.1232339957367660E-017
          12          18  0.34176939651822003       0.93978384727743203        6.1232339957367660E-017
          12          19  0.94875963096789229       0.31599867506948337        6.1232339957367660E-017
          12          20   5.2103942907194938E-002 -0.99864166703253665        6.1232339957367660E-017
          13           1 -0.98419721125136062       0.17707582942074476        6.1232339957367660E-017
          13           2 -0.21669781749561090       0.97623872894525088        6.1232339957367660E-017
          13           3 -0.99661553002226266        8.2203925200956693E-002   6.1232339957367660E-017
          13           4  0.26453504811460582       0.96437607203777265        6.1232339957367660E-017
          13           5  0.97600762718271694       0.21773633523406857        6.1232339957367660E-017
          13           6 -0.90035458671704283       0.43515700405437918        6.1232339957367660E-017
          13           7  0.97752253366537245      -0.21083096588601657        6.1232339957367660E-017
          13           8  0.35127866109542499       0.93627095557803430        6.1232339957367660E-017
          13           9 -0.35962020144456358      -0.93309876793026125        6.1232339957367660E-017
          13          10  0.88957756226257745       0.45678415112498183        6.1232339957367660E-017
          13          11  0.80639370566631952      -0.59137905903214161        6.1232339957367660E-017
          13          12 -0.72157902704500154      -0.69233207908401073        6.1232339957367660E-017
          13          13  0.53626592922589600       0.84404908219337949        6.1232339957367660E-017
          13          14 -0.50138916074945949       0.86522188453769056        6.1232339957367660E-017
          13          15 -0.90007877448343998       0.43572720792301789        6.1232339957367660E-017
          13          16 -0.96433599923331004      -0.26468109222740765        6.1232339957367660E-017
          13          17 -0.45626848525925645       0.88984215980095238        6.1232339957367660E-017
          13          18 -0.50957827358781094      -0.86042430410075366        6.1232339957367660E-017
          13          19  0.64182328013949219       0.76685257844711119        6.1232339957367660E-017
          13          20  0.12260926988079855      -0.99245502010886999        6.1232339957367660E-017
          14           1 -0.79024932522300739      -0.61278544694255066        6.1232339957367660E-017
          14           2 -0.96855819103616070       0.24878711899284520        6.1232339957367660E-017
          14           3 -0.99202616254938425      -0.12603211026378452        6.1232339957367660E-017
          14           4  0.93838818758831277      -0.34558299928486280        6.1232339957367660E-017
          14           5 -0.89363797056173522       0.44878856666620104        6.1232339957367660E-017
          14           6 -0.25302189527706109       0.96746055243115925        6.1232339957367660E-017
          14           7 -0.91832040769268697       0.39583788198596814        6.1232339957367660E-017
          14           8 -0.99966596271060726       -2.5844980129124118E-002   6.1232339957367660E-017
          14           9 -0.41721022175594891      -0.90881000812180313        6.1232339957367660E-017
          14          10  0.62738463889121721      -0.77870951893715612        6.1232339957367660E-017
          14          11 -0.96957350600201220       0.24480036041428935        6.1232339957367660E-017
          14          12 -0.59076852164883742      -0.80684109577341634        6.1232339957367660E-017
          14          13  0.85322345174304148       0.52154553146939131        6.1232339957367660E-017
          14          14 -0.97754705963022748      -0.21071721858523185        6.1232339957367660E-017
          14          15  0.48765608073768019      -0.87303582224303100        6.1232339957367660E-017
          14          16  0.73155252491105349       0.68178508585643205        6.1232339957367660E-017
          14          17  0.99940900460104054        3.4375013052466583E-002   6.1232339957367660E-017
          14          18 -0.87596843725762730      -0.48236842447286105        6.1232339957367660E-017
          14          19  0.21492302732764187      -0.97663099086826122        6.1232339957367660E-017
          14          20  0.78834803038942325       0.61522953682436043        6.1232339957367660E-017
          15           1  0.95042835658003999       0.31094362673733045        6.1232339957367660E-017
          15           2 -0.97954984781529586      -0.20120162932996050        6.1232339957367660E-017
          15           3 -0.11691461790026579       0.99314196977130864        6.1232339957367660E-017
          15           4  0.21925098576481686       0.97566849146682810        6.1232339957367660E-017
          15           5  0.84256189288721284      -0.53859953272753303        6.1232339957367660E-017
          15           6  -6.0814858679973376E-002  0.99814906349890187        6.1232339957367660E-017
          15           7  0.10522548774182011       0.99444838816778025        6.1232339957367660E-017
          15           8 -0.83009361222237477       0.55762406238218387        6.1232339957367660E-017
          15           9 -0.74288447550043735       0.66941964122696618        6.1232339957367660E-017
          15          10  0.98918778355133608       0.14665445398212490        6.1232339957367660E-017
          15          11 -0.43784725790340229      -0.89904937503257931        6.1232339957367660E-017
          15          12 -0.99598537832521128        8.9516066504207306E-002   6.1232339957367660E-017
          15          13  0.99957455928596084       -2.9166769246477178E-002   6.1232339957367660E-017
          15          14  0.84114502245532663      -0.54080962565271351        6.1232339957367660E-017
          15          15  0.15665485299382173       0.98765340936660773        6.1232339957367660E-017
          15          16 -0.34518647410288922      -0.93853412196702546        6.1232339957367660E-017
          15          17  0.99948098025922760       -3.2214439309933889E-002   6.1232339957367660E-017
          15          18 -0.22482172452518306      -0.97439991388624547        6.1232339957367660E-017
          15          19 -0.95089776448250884      -0.30950515585716371        6.1232339957367660E-017
          15          20   8.7494831276094844E-003 -0.99996172253991789        6.1232339957367660E-017
          16           1 -0.29150540327809515      -0.95656918195166374        6.1232339957367660E-017
          16           2  0.78111392916757949       0.62438852460658312        6.1232339957367660E-017
          16           3 -0.36088545423116841      -0.93261014841377488        6.1232339957367660E-017
          16           4  0.94817964702166158       0.31773472736526187        6.1232339957367660E-017
          16           5  0.89342980147822171      -0.44920283818180112        6.1232339957367660E-017
          16           6 -0.75661126317839078      -0.65386496804126137        6.1232339957367660E-017
          16           7   3.8005617127819823E-002 -0.99927752554870042        6.1232339957367660E-017
          16           8  0.24152596707250840       0.97039435655288597        6.1232339957367660E-017
          16           9 -0.99998321066929785       -5.7946854550233505E-003   6.1232339957367660E-017
          16          10 -0.85132171228912989       0.52464401472341593        6.1232339957367660E-017
          16          11  0.37380085826780640      -0.92750898559434525        6.1232339957367660E-017
          16          12  0.44919071399402544      -0.89343589723132211        6.1232339957367660E-017
          16          13  0.99990414720780629       -1.3845446783319311E-002   6.1232339957367660E-017
          16          14 -0.58128333621299433       0.81370122467714834        6.1232339957367660E-017
          16          15 -0.30208465299734760      -0.95328110356991347        6.1232339957367660E-017
          16          16  0.22578239402839453      -0.97417776126680633        6.1232339957367660E-017
          16          17 -0.94939413036122045      -0.31408722552129048        6.1232339957367660E-017
          16          18  0.68521485835497642       0.72834099012040343        6.1232339957367660E-017
          16          19  0.99061251056727739       0.13669986798675327        6.1232339957367660E-017
          16          20 -0.11517246923138998       0.99334551004730698        6.1232339957367660E-017
          17           1  -8.6001671423539539E-002 -0.99629499271669408        6.1232339957367660E-017
          17           2 -0.67952456724045984      -0.73365275336269664        6.1232339957367660E-017
          17           3  0.85253353388466158       0.52267252998615743        6.1232339957367660E-017
          17           4 -0.91646255788628828      -0.40012045685333530        6.1232339957367660E-017
          17           5  0.99333804020167504       0.11523687729323155        6.1232339957367660E-017
          17           6  0.88891255987509399       0.45807691591730260        6.1232339957367660E-017
          17           7 -0.49817604353635492      -0.86707590766118270        6.1232339957367660E-017
          17           8  0.58523828358273333       0.81086136387741170        6.1232339957367660E-017
          17           9 -0.80379355576687717      -0.59490832882692113        6.1232339957367660E-017
          17          10  0.97743422313858797       0.21124000434923568        6.1232339957367660E-017
          17          11 -0.28776221972323401       0.95770188728014793        6.1232339957367660E-017
          17          12 -0.93969016538247341      -0.34202688941581738        6.1232339957367660E-017
          17          13  0.80847257777108694      -0.58853384863759006        6.1232339957367660E-017
          17          14 -0.96659781740008510       0.25629798945249593        6.1232339957367660E-017
          17          15  0.90770664304588444       0.41960535050255421        6.1232339957367660E-017
          17          16 -0.98958950184315186      -0.14391878905070946        6.1232339957367660E-017
          17          17  0.91505621687234062      -0.40332631945272285        6.1232339957367660E-017
          17          18  0.48441682938933928      -0.87483731939394294        6.1232339957367660E-017
          17          19 -0.40671926945776116       0.91355319267776913        6.1232339957367660E-017
          17          20 -0.98519913891774569       0.17141370037348924        6.1232339957367660E-017
          18           1 -0.78833672767957297       0.61524401971206732        6.1232339957367660E-017
          18           2  0.98443726276916255      -0.17573638118374607        6.1232339957367660E-017
          18           3   8.6799421894277418E-002 -0.99622580791646786        6.1232339957367660E-017
          18           4   1.8094392297918899E-002  0.99983628308206984        6.1232339957367660E-017
          18           5  0.99998979609476446       -4.5174889431466372E-003   6.1232339957367660E-017
          18           6  0.64242698996896619       0.76634689440188497        6.1232339957367660E-017
          18           7  0.56197240618872768       0.82715597965707266        6.1232339957367660E-017
          18           8  0.22707755298614368       0.97387667850186510        6.1232339957367660E-017
          18           9  0.88366381004968353       0.46812206827757730        6.1232339957367660E-017
          18          10 -0.99984491443706736        1.7610992996804641E-002   6.1232339957367660E-017
          18          11  -7.0528959165348116E-003 -0.99997512802028754        6.1232339957367660E-017
          18          12 -0.99613709102399806        8.7811706999960687E-002   6.1232339957367660E-017
          18          13 -0.65416928572383104       0.75634816428386509        6.1232339957367660E-017
          18          14  0.95246629359832313       0.30464398822079652        6.1232339957367660E-017
          18          15  0.99301267123038628      -0.11800777421802665        6.1232339957367660E-017
          18          16 -0.86060690825505526       0.50926981990264730        6.1232339957367660E-017
          18          17  0.44797279395381984       0.89404718884251766        6.1232339957367660E-017
          18          18 -0.78753800265362284      -0.61626609056181436        6.1232339957367660E-017
          18          19  0.83119101457302058      -0.55598695784440189        6.1232339957367660E-017
          18          20  0.82280973240012223      -0.56831693997947952        6.1232339957367660E-017
          19           1 -0.93412880005476462       0.35693610759944910        6.1232339957367660E-017
          19           2  0.50775327848602148       0.86150252941398653        6.1232339957367660E-017
          19           3 -0.29683159245267798      -0.95492984335081244        6.1232339957367660E-017
          19           4  0.67456641457251498      -0.73821416427130537        6.1232339957367660E-017
          19           5  0.93578885290100999      -0.35256094903748469        6.1232339957367660E-017
          19           6  0.77485752539054731      -0.63213591524737567        6.1232339957367660E-017
          19           7 -0.17040855920025130      -0.98537349413879327        6.1232339957367660E-017
          19           8  0.15326036008029192       0.98818584387151553        6.1232339957367660E-017
          19           9  0.96744641794964881      -0.25307593405219997        6.1232339957367660E-017
          19          10 -0.68306096366028290      -0.73036136256204420        6.1232339957367660E-017
          19          11  0.60482173170065578      -0.79636089360453899        6.1232339957367660E-017
          19          12 -0.99405129650481094       0.10891290059999562        6.1232339957367660E-017
          19          13  0.60451554686915343      -0.79659334267459725        6.1232339957367660E-017
          19          14  0.57502598051258735      -0.81813514882049743        6.1232339957367660E-017
          19          15  0.99989335431239090        1.4604109076403093E-002   6.1232339957367660E-017
          19          16  0.10807165047194114       0.99414310758777102        6.1232339957367660E-017
          19          17   7.4344402112016622E-002  0.99723262575720351        6.1232339957367660E-017
          19          18  0.71421669291139944       0.69992464992076375        6.1232339957367660E-017
          19          19  0.99331084646789813      -0.11547104524177380        6.1232339957367660E-017
          19          20 -0.98506712456703938       0.17217072950192489        6.1232339957367660E-017
          20           1 -0.84214476903463897       0.53925150717229764        6.1232339957367660E-017
          20           2  0.86031970193079232       0.50975485330667791        6.1232339957367660E-017
          20           3 -0.97535864226919144       0.22062529082314969        6.1232339957367660E-017
          20           4  -7.4328826778865487E-002  0.99723378678706898        6.1232339957367660E-017
          20           5  0.81366137135450123       0.58133912027792556        6.1232339957367660E-017
          20           6  0.37224707721448907       0.92813367221821563        6.1232339957367660E-017
          20           7 -0.99823568877036573        5.9376002434936334E-002   6.1232339957367660E-017
          20           8 -0.54542767916912638       0.83815788894228072        6.1232339957367660E-017
          20           9  0.98140564174805145      -0.19194521704146550        6.1232339957367660E-017
          20          10 -0.88648601259676163      -0.46275538837521296        6.1232339957367660E-017
          20          11  0.45477710702463164      -0.89060529019667667        6.1232339957367660E-017
          20          12 -0.77757449186310557      -0.62879083136113967        6.1232339957367660E-017
          20          13  0.88561154534318454      -0.46442673346272451        6.1232339957367660E-017
          20          14 -0.85106614035507178       0.52505849649455372        6.1232339957367660E-017
          20          15 -0.79527542060837197      -0.60624830340065861        6.1232339957367660E-017
          20          16 -0.76426365017073672       0.64490392542432384        6.1232339957367660E-017
          20          17  0.38674615715693161       0.92218621217427987        6.1232339957367660E-017
          20          18 -0.77086128597208980       0.63700304378350969        6.1232339957367660E-017
          20          19 -0.53624848550945736      -0.84406016479206813        6.1232339957367660E-017
          20          20  0.94161918460357652      -0.33667983483792974        6.1232339957367660E-017
