 ## t ## i ## j ## S_x ## S_y ## S_z ##
   7.0000000298023224E-002           1           1  0.99740646111219322        7.1974657565361116E-002   6.1232339957367660E-017
   7.0000000298023224E-002           1           2  0.17183153763071718       0.98512634858451709        6.1232339957367660E-017
   7.0000000298023224E-002           1           3  0.99667861794924262        8.1435450037361926E-002   6.1232339957367660E-017
   7.0000000298023224E-002           1           4  -1.7251382497702750E-002  0.99985118382783245        6.1232339957367660E-017
   7.0000000298023224E-002           1           5  0.99603006324278698        8.9017487700843403E-002   6.1232339957367660E-017
   7.0000000298023224E-002           1           6  -1.3493998791514515E-002  0.99990895185342477        6.1232339957367660E-017
   7.0000000298023224E-002           1           7  0.99241574660873100       0.12292675007106878        6.1232339957367660E-017
   7.0000000298023224E-002           1           8  -4.1931518638524977E-002  0.99912048710086365        6.1232339957367660E-017
   7.0000000298023224E-002           1           9  0.99990740457256710        1.3608169640060907E-002   6.1232339957367660E-017
   7.0000000298023224E-002           1          10  -2.1283387181086522E-002  0.99977348306008795        6.1232339957367660E-017
   7.0000000298023224E-002           1          11  0.99793766522255034       -6.4190469153644569E-002   6.1232339957367660E-017
   7.0000000298023224E-002           1          12  -6.4539298717285115E-002  0.99791516619454235        6.1232339957367660E-017
   7.0000000298023224E-002           1          13  0.99860330548636744       -5.2834063554686575E-002   6.1232339957367660E-017
   7.0000000298023224E-002           1          14 -0.14172737680477776       0.98990572817013067        6.1232339957367660E-017
   7.0000000298023224E-002           1          15  0.99122180564226037       0.13220942485048895        6.1232339957367660E-017
   7.0000000298023224E-002           1          16  -2.6392559539102379E-004  0.99999996517163947        6.1232339957367660E-017
   7.0000000298023224E-002           1          17  0.99116441359912955      -0.13263900336889450        6.1232339957367660E-017
   7.0000000298023224E-002           1          18   1.8049699917295308E-002  0.99983709089675987        6.1232339957367660E-017
   7.0000000298023224E-002           1          19  0.99118889246502295      -0.13245595288231155        6.1232339957367660E-017
   7.0000000298023224E-002           1          20 -0.28788817377591297       0.95766403263355870        6.1232339957367660E-017
   7.0000000298023224E-002           2           1 -0.99987983608750175        1.5502044562916276E-002   6.1232339957367660E-017
   7.0000000298023224E-002           2           2 -0.29230703837282473      -0.95632452405954116        6.1232339957367660E-017
   7.0000000298023224E-002           2           3 -0.94134035540666472      -0.33745864232947731        6.1232339957367660E-017
   7.0000000298023224E-002           2           4  -1.8986657735414809E-002 -0.99981973716667460        6.1232339957367660E-017
   7.0000000298023224E-002           2           5 -0.99953219713516483       -3.0584095378970028E-002   6.1232339957367660E-017
   7.0000000298023224E-002           2           6 -0.34210333862390452      -0.93966233600287408        6.1232339957367660E-017
   7.0000000298023224E-002           2           7 -0.97361022337361702      -0.22821729325880516        6.1232339957367660E-017
   7.0000000298023224E-002           2           8  0.12718861024351574      -0.99187854973495770        6.1232339957367660E-017
   7.0000000298023224E-002           2           9 -0.99973241859421291       -2.3132038642659086E-002   6.1232339957367660E-017
   7.0000000298023224E-002           2          10   9.0869506145499185E-002 -0.99586280824864282        6.1232339957367660E-017
   7.0000000298023224E-002           2          11 -0.99999568614651746       -2.9372926915399674E-003   6.1232339957367660E-017
   7.0000000298023224E-002           2          12   7.3612042351179574E-002 -0.99728695329924388        6.1232339957367660E-017
   7.0000000298023224E-002           2          13 -0.99987917777031998       -1.5544447926797572E-002   6.1232339957367660E-017
   7.0000000298023224E-002           2          14  0.20974137901297907      -0.97775689919822806        6.1232339957367660E-017
   7.0000000298023224E-002           2          15 -0.99308606973622982       0.11738849217810088        6.1232339957367660E-017
   7.0000000298023224E-002           2          16  -5.2695590306055370E-004 -0.99999986115872852        6.1232339957367660E-017
   7.0000000298023224E-002           2          17 -0.98788478668756863       0.15518907252528127        6.1232339957367660E-017
   7.0000000298023224E-002           2          18  -6.8091141586899162E-002 -0.99767910494176071        6.1232339957367660E-017
   7.0000000298023224E-002           2          19 -0.99971238737255308       -2.3982129469052305E-002   6.1232339957367660E-017
   7.0000000298023224E-002           2          20  0.23751406285984175      -0.97138410010860854        6.1232339957367660E-017
   7.0000000298023224E-002           3           1  0.98806378646997184       0.15404529809968859        6.1232339957367660E-017
   7.0000000298023224E-002           3           2  0.36020168645481088       0.93287445300807226        6.1232339957367660E-017
   7.0000000298023224E-002           3           3  0.96435592152235794       0.26460849688693650        6.1232339957367660E-017
   7.0000000298023224E-002           3           4   4.6261387715596604E-002  0.99892936887781369        6.1232339957367660E-017
   7.0000000298023224E-002           3           5  0.99742455844285927       -7.1723428634352882E-002   6.1232339957367660E-017
   7.0000000298023224E-002           3           6  -4.3391789451965916E-002  0.99905813274711708        6.1232339957367660E-017
   7.0000000298023224E-002           3           7  0.99196803069689099       0.12648883774994552        6.1232339957367660E-017
   7.0000000298023224E-002           3           8 -0.13396987276351688       0.99098540513557876        6.1232339957367660E-017
   7.0000000298023224E-002           3           9  0.99300035165472134       0.11811139493545851        6.1232339957367660E-017
   7.0000000298023224E-002           3          10  0.27568068917819055       0.96124926923989795        6.1232339957367660E-017
   7.0000000298023224E-002           3          11  0.98034698280952004      -0.19728100084972852        6.1232339957367660E-017
   7.0000000298023224E-002           3          12 -0.10383384810145638       0.99459465712844231        6.1232339957367660E-017
   7.0000000298023224E-002           3          13  0.99828857924832992       -5.8480018316950190E-002   6.1232339957367660E-017
   7.0000000298023224E-002           3          14 -0.17915688424520618       0.98382051758821831        6.1232339957367660E-017
   7.0000000298023224E-002           3          15  0.99435165554842586      -0.10613569196130340        6.1232339957367660E-017
   7.0000000298023224E-002           3          16  -1.1420351102642190E-002  0.99993478566389138        6.1232339957367660E-017
   7.0000000298023224E-002           3          17  0.99990145967663047       -1.4038195629911715E-002   6.1232339957367660E-017
   7.0000000298023224E-002           3          18   5.4951144801798919E-002  0.99848904434899621        6.1232339957367660E-017
   7.0000000298023224E-002           3          19  0.99603420716083069       -8.8971108599901608E-002   6.1232339957367660E-017
   7.0000000298023224E-002           3          20 -0.12638975262046429       0.99198066031175114        6.1232339957367660E-017
   7.0000000298023224E-002           4           1 -0.99053079183422976      -0.13729075143014438        6.1232339957367660E-017
   7.0000000298023224E-002           4           2 -0.17515182232603374      -0.98454143596695287        6.1232339957367660E-017
   7.0000000298023224E-002           4           3 -0.99519536719661905       -9.7909045089749902E-002   6.1232339957367660E-017
   7.0000000298023224E-002           4           4  -1.1380162519578227E-002 -0.99993524385383481        6.1232339957367660E-017
   7.0000000298023224E-002           4           5 -0.99776728326516495        6.6786588815809442E-002   6.1232339957367660E-017
   7.0000000298023224E-002           4           6  -5.5203340366918638E-002 -0.99847513299647783        6.1232339957367660E-017
   7.0000000298023224E-002           4           7 -0.97657311012562364       0.21518587448893239        6.1232339957367660E-017
   7.0000000298023224E-002           4           8 -0.10236972224566775      -0.99474641993190649        6.1232339957367660E-017
   7.0000000298023224E-002           4           9 -0.98462319760675610      -0.17469161037281358        6.1232339957367660E-017
   7.0000000298023224E-002           4          10   7.7052633075579621E-002 -0.99702702658258968        6.1232339957367660E-017
   7.0000000298023224E-002           4          11 -0.99999466625079003        3.2661093017468290E-003   6.1232339957367660E-017
   7.0000000298023224E-002           4          12 -0.32771913153773308      -0.94477519591919534        6.1232339957367660E-017
   7.0000000298023224E-002           4          13 -0.99988757898512115       -1.4994311963975191E-002   6.1232339957367660E-017
   7.0000000298023224E-002           4          14  -4.9530252121790963E-002 -0.99877262383625220        6.1232339957367660E-017
   7.0000000298023224E-002           4          15 -0.99905038632241561        4.3569778390900676E-002   6.1232339957367660E-017
   7.0000000298023224E-002           4          16 -0.16770351380105666      -0.98583747720340742        6.1232339957367660E-017
   7.0000000298023224E-002           4          17 -0.97348645361868291      -0.22874467124049008        6.1232339957367660E-017
   7.0000000298023224E-002           4          18   2.7240533719913414E-002 -0.99962890780661917        6.1232339957367660E-017
   7.0000000298023224E-002           4          19 -0.99943792127247599       -3.3523745652179679E-002   6.1232339957367660E-017
   7.0000000298023224E-002           4          20  -2.0846794614574556E-002 -0.99978268196358444        6.1232339957367660E-017
   7.0000000298023224E-002           5           1  0.93530047549566142       0.35385451888818603        6.1232339957367660E-017
   7.0000000298023224E-002           5           2  0.27437087901726986       0.96162394975753940        6.1232339957367660E-017
   7.0000000298023224E-002           5           3  0.93969454605666092       0.34201485364142598        6.1232339957367660E-017
   7.0000000298023224E-002           5           4  0.19756686507511348       0.98028941329813002        6.1232339957367660E-017
   7.0000000298023224E-002           5           5  0.99898868476521230        4.4962292102063102E-002   6.1232339957367660E-017
   7.0000000298023224E-002           5           6  -6.8675780643980971E-002  0.99763903149031807        6.1232339957367660E-017
   7.0000000298023224E-002           5           7  0.98559872103549240      -0.16910103811982272        6.1232339957367660E-017
   7.0000000298023224E-002           5           8   7.8175516098648867E-002  0.99693961135201659        6.1232339957367660E-017
   7.0000000298023224E-002           5           9  0.99991992721934708        1.2654609818384420E-002   6.1232339957367660E-017
   7.0000000298023224E-002           5          10  -9.2183848316732167E-002  0.99574200378889199        6.1232339957367660E-017
   7.0000000298023224E-002           5          11  0.99431433057849072       0.10648479706628479        6.1232339957367660E-017
   7.0000000298023224E-002           5          12  0.28657290158141968       0.95805843875997765        6.1232339957367660E-017
   7.0000000298023224E-002           5          13  0.99944040613880181        3.3449582614838956E-002   6.1232339957367660E-017
   7.0000000298023224E-002           5          14  0.14359976373119196       0.98963584608498589        6.1232339957367660E-017
   7.0000000298023224E-002           5          15  0.99129027385396895       0.13169507569580258        6.1232339957367660E-017
   7.0000000298023224E-002           5          16   9.6939762556408848E-002  0.99529025034685592        6.1232339957367660E-017
   7.0000000298023224E-002           5          17  0.99497796989188314      -0.10009415282536199        6.1232339957367660E-017
   7.0000000298023224E-002           5          18  -2.9541205924464031E-002  0.99956356333778418        6.1232339957367660E-017
   7.0000000298023224E-002           5          19  0.98923270587009859      -0.14635113131412067        6.1232339957367660E-017
   7.0000000298023224E-002           5          20  -3.8125816233053895E-002  0.99927294676507850        6.1232339957367660E-017
   7.0000000298023224E-002           6           1 -0.98319612968349956      -0.18255237762184079        6.1232339957367660E-017
   7.0000000298023224E-002           6           2  -9.2795703288224944E-003 -0.99995694386034062        6.1232339957367660E-017
   7.0000000298023224E-002           6           3 -0.99828428709315165       -5.8553241950536419E-002   6.1232339957367660E-017
   7.0000000298023224E-002           6           4  -4.4432095586059830E-002 -0.99901240677072234        6.1232339957367660E-017
   7.0000000298023224E-002           6           5 -0.98876691026886177      -0.14946570562295805        6.1232339957367660E-017
   7.0000000298023224E-002           6           6  -9.2843425533686491E-002 -0.99568072108240135        6.1232339957367660E-017
   7.0000000298023224E-002           6           7 -0.99572410369409936        9.2376995635182049E-002   6.1232339957367660E-017
   7.0000000298023224E-002           6           8  -3.9154922546766058E-002 -0.99923315199224483        6.1232339957367660E-017
   7.0000000298023224E-002           6           9 -0.99823391293787289       -5.9405850391549227E-002   6.1232339957367660E-017
   7.0000000298023224E-002           6          10   9.3774164269370353E-002 -0.99559349441204226        6.1232339957367660E-017
   7.0000000298023224E-002           6          11 -0.99565128787415835        9.3158536670183215E-002   6.1232339957367660E-017
   7.0000000298023224E-002           6          12  -4.2903655000120930E-002 -0.99907921427063562        6.1232339957367660E-017
   7.0000000298023224E-002           6          13 -0.99632229932291616        8.5684747020093099E-002   6.1232339957367660E-017
   7.0000000298023224E-002           6          14 -0.12122075007419923      -0.99262557379479621        6.1232339957367660E-017
   7.0000000298023224E-002           6          15 -0.99938798156677344        3.4980884778555960E-002   6.1232339957367660E-017
   7.0000000298023224E-002           6          16   2.0673733321971387E-002 -0.99978627553619281        6.1232339957367660E-017
   7.0000000298023224E-002           6          17 -0.99012360425520118      -0.14019717649328625        6.1232339957367660E-017
   7.0000000298023224E-002           6          18 -0.13110419014508695      -0.99136859508782149        6.1232339957367660E-017
   7.0000000298023224E-002           6          19 -0.99972807170320699        2.3319147681409292E-002   6.1232339957367660E-017
   7.0000000298023224E-002           6          20  -9.5017913509905211E-002 -0.99547556279007887        6.1232339957367660E-017
   7.0000000298023224E-002           7           1  0.99866466543636323       -5.1661262168831948E-002   6.1232339957367660E-017
   7.0000000298023224E-002           7           2 -0.16639513382182572       0.98605915615667639        6.1232339957367660E-017
   7.0000000298023224E-002           7           3  0.99705493147692603        7.6690700984815771E-002   6.1232339957367660E-017
   7.0000000298023224E-002           7           4  -2.5652001792479569E-003  0.99999670986860767        6.1232339957367660E-017
   7.0000000298023224E-002           7           5  0.99906819750379405       -4.3159433922608167E-002   6.1232339957367660E-017
   7.0000000298023224E-002           7           6  -1.2443125684403031E-003  0.99999922584281631        6.1232339957367660E-017
   7.0000000298023224E-002           7           7  0.99894235564154765        4.5980105538327112E-002   6.1232339957367660E-017
   7.0000000298023224E-002           7           8   4.5335760572048694E-004  0.99999989723343541        6.1232339957367660E-017
   7.0000000298023224E-002           7           9  0.99980191904757898        1.9902830672504375E-002   6.1232339957367660E-017
   7.0000000298023224E-002           7          10  -4.7459590868860514E-002  0.99887315873165816        6.1232339957367660E-017
   7.0000000298023224E-002           7          11  0.98988378819175205       0.14188053381329860        6.1232339957367660E-017
   7.0000000298023224E-002           7          12  0.12653990451720695       0.99196151768341101        6.1232339957367660E-017
   7.0000000298023224E-002           7          13  0.98326807382203596       0.18216447239322806        6.1232339957367660E-017
   7.0000000298023224E-002           7          14  0.21032088018672740       0.97763240911780347        6.1232339957367660E-017
   7.0000000298023224E-002           7          15  0.99323540004583888       0.11611821603771906        6.1232339957367660E-017
   7.0000000298023224E-002           7          16  0.11199868603311247       0.99370835476353736        6.1232339957367660E-017
   7.0000000298023224E-002           7          17  0.97923208194127420       0.20274252069301521        6.1232339957367660E-017
   7.0000000298023224E-002           7          18  0.22915163751000583       0.97339073707657753        6.1232339957367660E-017
   7.0000000298023224E-002           7          19  0.98048992417451619       0.19656934804859949        6.1232339957367660E-017
   7.0000000298023224E-002           7          20  0.19338167987492658       0.98112360377719554        6.1232339957367660E-017
   7.0000000298023224E-002           8           1 -0.99937591082556532        3.5324054998991578E-002   6.1232339957367660E-017
   7.0000000298023224E-002           8           2  -5.4929305608750728E-002 -0.99849024601412129        6.1232339957367660E-017
   7.0000000298023224E-002           8           3 -0.99925733306886488       -3.8532873083896725E-002   6.1232339957367660E-017
   7.0000000298023224E-002           8           4  -3.2464684102317509E-002 -0.99947288321701688        6.1232339957367660E-017
   7.0000000298023224E-002           8           5 -0.99734772995333842        7.2783964971157883E-002   6.1232339957367660E-017
   7.0000000298023224E-002           8           6   3.9665011494919036E-002 -0.99921303377363324        6.1232339957367660E-017
   7.0000000298023224E-002           8           7 -0.99976660300780762       -2.1604154929754857E-002   6.1232339957367660E-017
   7.0000000298023224E-002           8           8 -0.13117542328641660      -0.99135917221036973        6.1232339957367660E-017
   7.0000000298023224E-002           8           9 -0.99673617163587003       -8.0727963882842119E-002   6.1232339957367660E-017
   7.0000000298023224E-002           8          10   7.8088536982609258E-002 -0.99694642804511602        6.1232339957367660E-017
   7.0000000298023224E-002           8          11 -0.99997193702367593        7.4916730519661275E-003   6.1232339957367660E-017
   7.0000000298023224E-002           8          12 -0.24835679980820868      -0.96866862238281748        6.1232339957367660E-017
   7.0000000298023224E-002           8          13 -0.90622048874901395      -0.42280542306301883        6.1232339957367660E-017
   7.0000000298023224E-002           8          14 -0.23011994720533543      -0.97316227315808623        6.1232339957367660E-017
   7.0000000298023224E-002           8          15 -0.95801782391629808      -0.28670864838487325        6.1232339957367660E-017
   7.0000000298023224E-002           8          16  -1.2766438274513415E-002 -0.99991850570623153        6.1232339957367660E-017
   7.0000000298023224E-002           8          17 -0.97871038010431233      -0.20524617384027538        6.1232339957367660E-017
   7.0000000298023224E-002           8          18 -0.30002383494663998      -0.95393170534578176        6.1232339957367660E-017
   7.0000000298023224E-002           8          19 -0.98393791979544709      -0.17851098002254173        6.1232339957367660E-017
   7.0000000298023224E-002           8          20 -0.12014573585075815      -0.99275626523174354        6.1232339957367660E-017
   7.0000000298023224E-002           9           1  0.99882208349336576       -4.8522629009276903E-002   6.1232339957367660E-017
   7.0000000298023224E-002           9           2 -0.14302920722100443       0.98971846799063568        6.1232339957367660E-017
   7.0000000298023224E-002           9           3  0.99975003348732194        2.2357784820921611E-002   6.1232339957367660E-017
   7.0000000298023224E-002           9           4  -6.2137145834434589E-002  0.99806762050852560        6.1232339957367660E-017
   7.0000000298023224E-002           9           5  0.99999486174713126        3.2056948288727884E-003   6.1232339957367660E-017
   7.0000000298023224E-002           9           6   2.8098233480010233E-002  0.99960516669098043        6.1232339957367660E-017
   7.0000000298023224E-002           9           7  0.98968296458073179      -0.14327466495753557        6.1232339957367660E-017
   7.0000000298023224E-002           9           8 -0.19356756769736913       0.98108694657289397        6.1232339957367660E-017
   7.0000000298023224E-002           9           9  0.99996558808699931       -8.2959412860556386E-003   6.1232339957367660E-017
   7.0000000298023224E-002           9          10  -3.2096925204957723E-002  0.99948476096055983        6.1232339957367660E-017
   7.0000000298023224E-002           9          11  0.99765564703154552        6.8433982392290510E-002   6.1232339957367660E-017
   7.0000000298023224E-002           9          12  0.15568714027738412       0.98780641542371561        6.1232339957367660E-017
   7.0000000298023224E-002           9          13  0.95121188701457005       0.30853840279968536        6.1232339957367660E-017
   7.0000000298023224E-002           9          14  0.19189783584642092       0.98141490746649052        6.1232339957367660E-017
   7.0000000298023224E-002           9          15  0.99738091196088074        7.2327840117633477E-002   6.1232339957367660E-017
   7.0000000298023224E-002           9          16  0.11124981203298907       0.99379247296536943        6.1232339957367660E-017
   7.0000000298023224E-002           9          17  0.98122696403089638       0.19285654009835937        6.1232339957367660E-017
   7.0000000298023224E-002           9          18  0.10763037432983694       0.99419097889772623        6.1232339957367660E-017
   7.0000000298023224E-002           9          19  0.98891236867794774       0.14850025951415313        6.1232339957367660E-017
   7.0000000298023224E-002           9          20  0.26966402496101827       0.96295447121960198        6.1232339957367660E-017
   7.0000000298023224E-002          10           1 -0.99857577192970870        5.3351923254802203E-002   6.1232339957367660E-017
   7.0000000298023224E-002          10           2  -1.1486647141064276E-003 -0.99999934028446968        6.1232339957367660E-017
   7.0000000298023224E-002          10           3 -0.99858484154036509        5.3181897726613699E-002   6.1232339957367660E-017
   7.0000000298023224E-002          10           4 -0.10471463832221496      -0.99450230996265043        6.1232339957367660E-017
   7.0000000298023224E-002          10           5 -0.99738665557116701       -7.2248593678785791E-002   6.1232339957367660E-017
   7.0000000298023224E-002          10           6 -0.24737873851888251      -0.96891886127209148        6.1232339957367660E-017
   7.0000000298023224E-002          10           7 -0.99967573067569682       -2.5464357404254834E-002   6.1232339957367660E-017
   7.0000000298023224E-002          10           8  0.15818830247606683      -0.98740896337826523        6.1232339957367660E-017
   7.0000000298023224E-002          10           9 -0.99543119733859164        9.5481576050344713E-002   6.1232339957367660E-017
   7.0000000298023224E-002          10          10  -5.4154717766318583E-002 -0.99853255657672491        6.1232339957367660E-017
   7.0000000298023224E-002          10          11 -0.99883093984748039       -4.8339979348350111E-002   6.1232339957367660E-017
   7.0000000298023224E-002          10          12 -0.17587882423392698      -0.98441182397718663        6.1232339957367660E-017
   7.0000000298023224E-002          10          13 -0.94945144302448758      -0.31391393301145165        6.1232339957367660E-017
   7.0000000298023224E-002          10          14 -0.16391019223376796      -0.98647526521544837        6.1232339957367660E-017
   7.0000000298023224E-002          10          15 -0.96933547416466803      -0.24574120233684504        6.1232339957367660E-017
   7.0000000298023224E-002          10          16 -0.24871181256308805      -0.96857753137866220        6.1232339957367660E-017
   7.0000000298023224E-002          10          17 -0.96587345990326268      -0.25901440009099963        6.1232339957367660E-017
   7.0000000298023224E-002          10          18  0.14061610662115648      -0.99006419517054933        6.1232339957367660E-017
   7.0000000298023224E-002          10          19 -0.99960832588421178       -2.7985618145101327E-002   6.1232339957367660E-017
   7.0000000298023224E-002          10          20  0.16385836431718565      -0.98648387540967764        6.1232339957367660E-017
   7.0000000298023224E-002          11           1  0.99990438157303263        1.3828510803811865E-002   6.1232339957367660E-017
   7.0000000298023224E-002          11           2   1.3810045049521722E-002  0.99990463678079333        6.1232339957367660E-017
   7.0000000298023224E-002          11           3  0.99980729534917390        1.9630898261916697E-002   6.1232339957367660E-017
   7.0000000298023224E-002          11           4   8.8320689198310626E-002  0.99609209205752425        6.1232339957367660E-017
   7.0000000298023224E-002          11           5  0.97572632241058288       0.21899347879587469        6.1232339957367660E-017
   7.0000000298023224E-002          11           6  0.19029714661932035       0.98172653829289191        6.1232339957367660E-017
   7.0000000298023224E-002          11           7  0.99082638004388335      -0.13514098049494105        6.1232339957367660E-017
   7.0000000298023224E-002          11           8 -0.15045709038277993       0.98861654040054781        6.1232339957367660E-017
   7.0000000298023224E-002          11           9  0.99865525933604715        5.1842771920996615E-002   6.1232339957367660E-017
   7.0000000298023224E-002          11          10  0.17502095123021161       0.98456470921441819        6.1232339957367660E-017
   7.0000000298023224E-002          11          11  0.99917124362285858        4.0704126537123256E-002   6.1232339957367660E-017
   7.0000000298023224E-002          11          12   4.5489264762293098E-002  0.99896482760474903        6.1232339957367660E-017
   7.0000000298023224E-002          11          13  0.97678617258473899       0.21421664979001143        6.1232339957367660E-017
   7.0000000298023224E-002          11          14  0.16681393956530652       0.98598839220687695        6.1232339957367660E-017
   7.0000000298023224E-002          11          15  0.98145554361713838       0.19168989515148521        6.1232339957367660E-017
   7.0000000298023224E-002          11          16   1.9994215904916120E-002  0.99980009568430606        6.1232339957367660E-017
   7.0000000298023224E-002          11          17  0.99940564791853104        3.4472465948073371E-002   6.1232339957367660E-017
   7.0000000298023224E-002          11          18  -1.0800372905835061E-002  0.99994167427160219        6.1232339957367660E-017
   7.0000000298023224E-002          11          19  0.99529584005616445        9.6882355291837668E-002   6.1232339957367660E-017
   7.0000000298023224E-002          11          20   1.9490340636756393E-002  0.99981004526953177        6.1232339957367660E-017
   7.0000000298023224E-002          12           1 -0.99962320090595591        2.7449156827319889E-002   6.1232339957367660E-017
   7.0000000298023224E-002          12           2 -0.23246214337110702      -0.97260544513143199        6.1232339957367660E-017
   7.0000000298023224E-002          12           3 -0.98444127762912514      -0.17571388931992768        6.1232339957367660E-017
   7.0000000298023224E-002          12           4  -2.5922318424890747E-002 -0.99966396024237991        6.1232339957367660E-017
   7.0000000298023224E-002          12           5 -0.96549093888259585      -0.26043664668322619        6.1232339957367660E-017
   7.0000000298023224E-002          12           6  -1.5442605226615034E-002 -0.99988075586232528        6.1232339957367660E-017
   7.0000000298023224E-002          12           7 -0.99403292266906096       0.10908046869171692        6.1232339957367660E-017
   7.0000000298023224E-002          12           8   9.6489538052001063E-003 -0.99995344776167716        6.1232339957367660E-017
   7.0000000298023224E-002          12           9 -0.99782594373278699        6.5904370217557975E-002   6.1232339957367660E-017
   7.0000000298023224E-002          12          10 -0.37395567072112768      -0.92744657869632119        6.1232339957367660E-017
   7.0000000298023224E-002          12          11 -0.96409562957355976      -0.26555529939574041        6.1232339957367660E-017
   7.0000000298023224E-002          12          12 -0.15942410731009959      -0.98721018735038280        6.1232339957367660E-017
   7.0000000298023224E-002          12          13 -0.99534906689628688       -9.6333976502016694E-002   6.1232339957367660E-017
   7.0000000298023224E-002          12          14  -2.7001032337852348E-002 -0.99963540566182940        6.1232339957367660E-017
   7.0000000298023224E-002          12          15 -0.99778678532260612       -6.6494594032745491E-002   6.1232339957367660E-017
   7.0000000298023224E-002          12          16 -0.16913023639593774      -0.98559371098676063        6.1232339957367660E-017
   7.0000000298023224E-002          12          17 -0.98086399737038032      -0.19469416699685324        6.1232339957367660E-017
   7.0000000298023224E-002          12          18 -0.11723645575681096      -0.99310402951633481        6.1232339957367660E-017
   7.0000000298023224E-002          12          19 -0.99419844025350135      -0.10756143080819078        6.1232339957367660E-017
   7.0000000298023224E-002          12          20  -1.0899192426613203E-002 -0.99994060203816493        6.1232339957367660E-017
   7.0000000298023224E-002          13           1  0.98123086649110902       0.19283668386774155        6.1232339957367660E-017
   7.0000000298023224E-002          13           2  0.25346682117318958       0.96734408075118661        6.1232339957367660E-017
   7.0000000298023224E-002          13           3  0.96511075263957302       0.26184200415417874        6.1232339957367660E-017
   7.0000000298023224E-002          13           4  0.13296884747149620       0.99112021753271784        6.1232339957367660E-017
   7.0000000298023224E-002          13           5  0.96864646866028126       0.24844319019036698        6.1232339957367660E-017
   7.0000000298023224E-002          13           6  0.21146881322157851       0.97738474565273281        6.1232339957367660E-017
   7.0000000298023224E-002          13           7  0.99331084550017912       0.11547105356633436        6.1232339957367660E-017
   7.0000000298023224E-002          13           8   1.1616788154092492E-002  0.99993252283990786        6.1232339957367660E-017
   7.0000000298023224E-002          13           9  0.98628503832899606       0.16505097142510475        6.1232339957367660E-017
   7.0000000298023224E-002          13          10  0.16461979522267506       0.98635709711080022        6.1232339957367660E-017
   7.0000000298023224E-002          13          11  0.97788129612389574       0.20916063370302196        6.1232339957367660E-017
   7.0000000298023224E-002          13          12  -4.5757217670328883E-004  0.99999989531384603        6.1232339957367660E-017
   7.0000000298023224E-002          13          13  0.99871891356579756       -5.0601696473072645E-002   6.1232339957367660E-017
   7.0000000298023224E-002          13          14   1.8400959848315412E-002  0.99983068800505448        6.1232339957367660E-017
   7.0000000298023224E-002          13          15  0.99941302474659555       -3.4257932904085006E-002   6.1232339957367660E-017
   7.0000000298023224E-002          13          16  -9.8372208217196513E-002  0.99514969157934852        6.1232339957367660E-017
   7.0000000298023224E-002          13          17  0.99166611661895321       0.12883444085292103        6.1232339957367660E-017
   7.0000000298023224E-002          13          18  -4.1842451408441055E-002  0.99912422113575661        6.1232339957367660E-017
   7.0000000298023224E-002          13          19  0.99847466470101731       -5.5211809879690592E-002   6.1232339957367660E-017
   7.0000000298023224E-002          13          20  -1.4266767908340704E-002  0.99989822448759735        6.1232339957367660E-017
   7.0000000298023224E-002          14           1 -0.99815538003535464       -6.0711097062041822E-002   6.1232339957367660E-017
   7.0000000298023224E-002          14           2  -7.3570508747947558E-002 -0.99729001812039020        6.1232339957367660E-017
   7.0000000298023224E-002          14           3 -0.99856345480685549       -5.3581962675858616E-002   6.1232339957367660E-017
   7.0000000298023224E-002          14           4 -0.10211695369160516      -0.99477239998340650        6.1232339957367660E-017
   7.0000000298023224E-002          14           5 -0.98646234553953704      -0.16398792892354916        6.1232339957367660E-017
   7.0000000298023224E-002          14           6   1.3389267169188344E-002 -0.99991035974464837        6.1232339957367660E-017
   7.0000000298023224E-002          14           7 -0.99963486425017367        2.7021069104255082E-002   6.1232339957367660E-017
   7.0000000298023224E-002          14           8 -0.17103726425850210      -0.98526456052928613        6.1232339957367660E-017
   7.0000000298023224E-002          14           9 -0.97509998254067587      -0.22176569628590795        6.1232339957367660E-017
   7.0000000298023224E-002          14          10 -0.13811003337318184      -0.99041689135518007        6.1232339957367660E-017
   7.0000000298023224E-002          14          11 -0.99855390407540690       -5.3759656395508615E-002   6.1232339957367660E-017
   7.0000000298023224E-002          14          12   9.9512217661158878E-002 -0.99503634030931665        6.1232339957367660E-017
   7.0000000298023224E-002          14          13 -0.97976849171060243       0.20013421159594671        6.1232339957367660E-017
   7.0000000298023224E-002          14          14  -7.3086069285493049E-002 -0.99732563712981737        6.1232339957367660E-017
   7.0000000298023224E-002          14          15 -0.99327494333784450      -0.11577947545744838        6.1232339957367660E-017
   7.0000000298023224E-002          14          16   2.5309640865195514E-002 -0.99967965973069339        6.1232339957367660E-017
   7.0000000298023224E-002          14          17 -0.99859978396585802        5.2900580935768132E-002   6.1232339957367660E-017
   7.0000000298023224E-002          14          18   3.7718594085064526E-002 -0.99928840064330082        6.1232339957367660E-017
   7.0000000298023224E-002          14          19 -0.99923030066779195        3.9227620720025828E-002   6.1232339957367660E-017
   7.0000000298023224E-002          14          20   5.6998891308363574E-002 -0.99837424164970190        6.1232339957367660E-017
   7.0000000298023224E-002          15           1  0.99918471549856902       -4.0372073442463942E-002   6.1232339957367660E-017
   7.0000000298023224E-002          15           2  -2.9724749292204256E-002  0.99955812201167948        6.1232339957367660E-017
   7.0000000298023224E-002          15           3  0.98909363412158213      -0.14728809503881071        6.1232339957367660E-017
   7.0000000298023224E-002          15           4 -0.13654601771907296       0.99063372900636826        6.1232339957367660E-017
   7.0000000298023224E-002          15           5  0.99829866520672339        5.8307589955977443E-002   6.1232339957367660E-017
   7.0000000298023224E-002          15           6  -2.3519815580371181E-002  0.99972337087569640        6.1232339957367660E-017
   7.0000000298023224E-002          15           7  0.99848368777495544       -5.5048390052074930E-002   6.1232339957367660E-017
   7.0000000298023224E-002          15           8 -0.11922000374393864       0.99286786165496121        6.1232339957367660E-017
   7.0000000298023224E-002          15           9  0.99902165873026938        4.4223584068019024E-002   6.1232339957367660E-017
   7.0000000298023224E-002          15          10   2.0948886796064842E-002  0.99978054799141081        6.1232339957367660E-017
   7.0000000298023224E-002          15          11  0.99920232824342092        3.9933785607264849E-002   6.1232339957367660E-017
   7.0000000298023224E-002          15          12   5.9652722432455021E-002  0.99821919071233878        6.1232339957367660E-017
   7.0000000298023224E-002          15          13  0.99947433168894706       -3.2420060069849287E-002   6.1232339957367660E-017
   7.0000000298023224E-002          15          14  -1.7591727523081142E-002  0.99984525358815080        6.1232339957367660E-017
   7.0000000298023224E-002          15          15  0.99329226710946228      -0.11563075758873455        6.1232339957367660E-017
   7.0000000298023224E-002          15          16 -0.10235143016212903       0.99474830220702903        6.1232339957367660E-017
   7.0000000298023224E-002          15          17  0.98987922814877138      -0.14191234505705524        6.1232339957367660E-017
   7.0000000298023224E-002          15          18   1.6957569095793913E-002  0.99985621008741121        6.1232339957367660E-017
   7.0000000298023224E-002          15          19  0.99889918913936282       -4.6908527334839349E-002   6.1232339957367660E-017
   7.0000000298023224E-002          15          20 -0.13143567243166884       0.99132470160509722        6.1232339957367660E-017
   7.0000000298023224E-002          16           1 -0.98296766904329402       0.18377856680144497        6.1232339957367660E-017
   7.0000000298023224E-002          16           2   3.1803297090173724E-002 -0.99949414720357121        6.1232339957367660E-017
   7.0000000298023224E-002          16           3 -0.99677926567606234        8.0194111493861908E-002   6.1232339957367660E-017
   7.0000000298023224E-002          16           4  -5.2602124911165338E-002 -0.99861554987634260        6.1232339957367660E-017
   7.0000000298023224E-002          16           5 -0.99717236529016318       -7.5148345967301883E-002   6.1232339957367660E-017
   7.0000000298023224E-002          16           6   1.4360548416059171E-002 -0.99989688200793492        6.1232339957367660E-017
   7.0000000298023224E-002          16           7 -0.99593645082683013        9.0058791433468052E-002   6.1232339957367660E-017
   7.0000000298023224E-002          16           8  -9.7080694942146870E-002 -0.99527651367323533        6.1232339957367660E-017
   7.0000000298023224E-002          16           9 -0.99939057721207492       -3.4906649505728513E-002   6.1232339957367660E-017
   7.0000000298023224E-002          16          10   9.1526511737840557E-002 -0.99580263990868334        6.1232339957367660E-017
   7.0000000298023224E-002          16          11 -0.98798314432546208       0.15456165931036456        6.1232339957367660E-017
   7.0000000298023224E-002          16          12  -4.5285818438228390E-002 -0.99897407105909397        6.1232339957367660E-017
   7.0000000298023224E-002          16          13 -0.99963503600383052        2.7014714390871664E-002   6.1232339957367660E-017
   7.0000000298023224E-002          16          14  -8.5286706476167720E-002 -0.99635645112502180        6.1232339957367660E-017
   7.0000000298023224E-002          16          15 -0.97662953274398134      -0.21492965307810047        6.1232339957367660E-017
   7.0000000298023224E-002          16          16  -1.2481818569240598E-002 -0.99992209906832474        6.1232339957367660E-017
   7.0000000298023224E-002          16          17 -0.99986331084650781        1.6533590749130890E-002   6.1232339957367660E-017
   7.0000000298023224E-002          16          18   6.2718904663941815E-003 -0.99998033150156385        6.1232339957367660E-017
   7.0000000298023224E-002          16          19 -0.99730937461206215       -7.3307648379261056E-002   6.1232339957367660E-017
   7.0000000298023224E-002          16          20   1.2891679735693213E-002 -0.99991689884389512        6.1232339957367660E-017
   7.0000000298023224E-002          17           1  0.99874508472660051        5.0082489299710646E-002   6.1232339957367660E-017
   7.0000000298023224E-002          17           2   4.0320066576875799E-002  0.99918681548108723        6.1232339957367660E-017
   7.0000000298023224E-002          17           3  0.98789247440163619       0.15514012704846092        6.1232339957367660E-017
   7.0000000298023224E-002          17           4   7.3508487155620236E-002  0.99729459154057987        6.1232339957367660E-017
   7.0000000298023224E-002          17           5  0.99995582449832954       -9.3994176344003588E-003   6.1232339957367660E-017
   7.0000000298023224E-002          17           6  -9.9702499812313980E-002  0.99501729207646217        6.1232339957367660E-017
   7.0000000298023224E-002          17           7  0.99887135218295564       -4.7497597709713409E-002   6.1232339957367660E-017
   7.0000000298023224E-002          17           8 -0.12487767072785808       0.99217214602788795        6.1232339957367660E-017
   7.0000000298023224E-002          17           9  0.98023824925938297      -0.19782056184557703        6.1232339957367660E-017
   7.0000000298023224E-002          17          10 -0.17068025650724553       0.98532646875978158        6.1232339957367660E-017
   7.0000000298023224E-002          17          11  0.98170801047989353      -0.19039270511132853        6.1232339957367660E-017
   7.0000000298023224E-002          17          12   6.8706186628194069E-002  0.99763693792832864        6.1232339957367660E-017
   7.0000000298023224E-002          17          13  0.99352715826773641      -0.11359483168012643        6.1232339957367660E-017
   7.0000000298023224E-002          17          14   1.5474260099108999E-002  0.99988026646913331        6.1232339957367660E-017
   7.0000000298023224E-002          17          15  0.94937437234193023       0.31414694195609499        6.1232339957367660E-017
   7.0000000298023224E-002          17          16  0.28142517889022339       0.95958317444951369        6.1232339957367660E-017
   7.0000000298023224E-002          17          17  0.99856983312225245       -5.3462962676949312E-002   6.1232339957367660E-017
   7.0000000298023224E-002          17          18  0.10420093573880092       0.99455626537223030        6.1232339957367660E-017
   7.0000000298023224E-002          17          19  0.99958367904877643        2.8852531592785391E-002   6.1232339957367660E-017
   7.0000000298023224E-002          17          20  -6.9663255003821242E-002  0.99757056437240199        6.1232339957367660E-017
   7.0000000298023224E-002          18           1 -0.99972561445253383        2.3424256818600254E-002   6.1232339957367660E-017
   7.0000000298023224E-002          18           2 -0.10711871567022165      -0.99424623748504182        6.1232339957367660E-017
   7.0000000298023224E-002          18           3 -0.99597204133381401       -8.9664334500154166E-002   6.1232339957367660E-017
   7.0000000298023224E-002          18           4  -9.4596439345051353E-002 -0.99551570236899734        6.1232339957367660E-017
   7.0000000298023224E-002          18           5 -0.99650209384318222       -8.3567798619765613E-002   6.1232339957367660E-017
   7.0000000298023224E-002          18           6   4.2601867316261435E-002 -0.99909212833510386        6.1232339957367660E-017
   7.0000000298023224E-002          18           7 -0.99823788062788998       -5.9339141209985201E-002   6.1232339957367660E-017
   7.0000000298023224E-002          18           8   8.7657745849227919E-002 -0.99615065105265688        6.1232339957367660E-017
   7.0000000298023224E-002          18           9 -0.99809921482108555        6.1627569914224481E-002   6.1232339957367660E-017
   7.0000000298023224E-002          18          10  -5.4543839050059315E-002 -0.99851137681134172        6.1232339957367660E-017
   7.0000000298023224E-002          18          11 -0.99999270054992628        3.8208437373895669E-003   6.1232339957367660E-017
   7.0000000298023224E-002          18          12 -0.10789541224473830      -0.99416225034776795        6.1232339957367660E-017
   7.0000000298023224E-002          18          13 -0.99615433548084331       -8.7615865587914926E-002   6.1232339957367660E-017
   7.0000000298023224E-002          18          14 -0.17846718499372805      -0.98394586430373010        6.1232339957367660E-017
   7.0000000298023224E-002          18          15 -0.97654339236037857      -0.21532069765186002        6.1232339957367660E-017
   7.0000000298023224E-002          18          16  -7.5702517252837997E-002 -0.99713044727436928        6.1232339957367660E-017
   7.0000000298023224E-002          18          17 -0.99958931992499389        2.8656438925453082E-002   6.1232339957367660E-017
   7.0000000298023224E-002          18          18   7.5107311026053197E-002 -0.99717545689333720        6.1232339957367660E-017
   7.0000000298023224E-002          18          19 -0.99988080673395585       -1.5439311029109136E-002   6.1232339957367660E-017
   7.0000000298023224E-002          18          20   5.4622499846035164E-002 -0.99850707684551232        6.1232339957367660E-017
   7.0000000298023224E-002          19           1  0.99703353366586289       -7.6968387963907897E-002   6.1232339957367660E-017
   7.0000000298023224E-002          19           2  0.15341858334377109       0.98816129163451372        6.1232339957367660E-017
   7.0000000298023224E-002          19           3  0.99991389982037915       -1.3122230984129405E-002   6.1232339957367660E-017
   7.0000000298023224E-002          19           4  -4.7913512371602594E-002  0.99885148812634617        6.1232339957367660E-017
   7.0000000298023224E-002          19           5  0.98755751375466783       0.15725824947104994        6.1232339957367660E-017
   7.0000000298023224E-002          19           6  0.10207940572691461       0.99477625370051925        6.1232339957367660E-017
   7.0000000298023224E-002          19           7  0.99933315197437778        3.6513714751516678E-002   6.1232339957367660E-017
   7.0000000298023224E-002          19           8   5.8275999273802830E-002  0.99830050982088536        6.1232339957367660E-017
   7.0000000298023224E-002          19           9  0.99607566649861068        8.8505743369278356E-002   6.1232339957367660E-017
   7.0000000298023224E-002          19          10   9.9703256017539391E-002  0.99501721630306528        6.1232339957367660E-017
   7.0000000298023224E-002          19          11  0.99536178651549057        9.6202463298457344E-002   6.1232339957367660E-017
   7.0000000298023224E-002          19          12  0.12908717425037747       0.99163324946476694        6.1232339957367660E-017
   7.0000000298023224E-002          19          13  0.99469946871503523       0.10282493344528158        6.1232339957367660E-017
   7.0000000298023224E-002          19          14  0.13993323080575756       0.99016094192624193        6.1232339957367660E-017
   7.0000000298023224E-002          19          15  0.96157438556191532       0.27454453378500376        6.1232339957367660E-017
   7.0000000298023224E-002          19          16  0.14314935812128426       0.98970109693253561        6.1232339957367660E-017
   7.0000000298023224E-002          19          17  0.99921099136706981        3.9716428983953792E-002   6.1232339957367660E-017
   7.0000000298023224E-002          19          18  0.20365395896096175       0.97904293317480562        6.1232339957367660E-017
   7.0000000298023224E-002          19          19  0.99768718145955437       -6.7972700044137579E-002   6.1232339957367660E-017
   7.0000000298023224E-002          19          20 -0.14750057210959885       0.98906197036755039        6.1232339957367660E-017
   7.0000000298023224E-002          20           1 -0.98567583017079274       0.16865099411838189        6.1232339957367660E-017
   7.0000000298023224E-002          20           2 -0.19127227605046576      -0.98153701734293974        6.1232339957367660E-017
   7.0000000298023224E-002          20           3 -0.99075526255094526      -0.13566137890942875        6.1232339957367660E-017
   7.0000000298023224E-002          20           4   9.2124854661824220E-003 -0.99995756415536718        6.1232339957367660E-017
   7.0000000298023224E-002          20           5 -0.99883496712078768        4.8256693388741313E-002   6.1232339957367660E-017
   7.0000000298023224E-002          20           6   6.0359131154327020E-002 -0.99817672547815639        6.1232339957367660E-017
   7.0000000298023224E-002          20           7 -0.99998696904616058        5.1050698205905107E-003   6.1232339957367660E-017
   7.0000000298023224E-002          20           8  -5.7462576175122793E-002 -0.99834766105766892        6.1232339957367660E-017
   7.0000000298023224E-002          20           9 -0.99986636467458634       -1.6347868130953264E-002   6.1232339957367660E-017
   7.0000000298023224E-002          20          10   3.2703394860010726E-002 -0.99946510092380425        6.1232339957367660E-017
   7.0000000298023224E-002          20          11 -0.99821452065445448       -5.9730819135499109E-002   6.1232339957367660E-017
   7.0000000298023224E-002          20          12 -0.10451647562613886      -0.99452315524712176        6.1232339957367660E-017
   7.0000000298023224E-002          20          13 -0.99901844281561125        4.4296172681974492E-002   6.1232339957367660E-017
   7.0000000298023224E-002          20          14 -0.20843340248681866      -0.97803656206083001        6.1232339957367660E-017
   7.0000000298023224E-002          20          15 -0.93596495613280883      -0.35209317075357927        6.1232339957367660E-017
   7.0000000298023224E-002          20          16   3.2076925745176031E-002 -0.99948540301233935        6.1232339957367660E-017
   7.0000000298023224E-002          20          17 -0.99989739115431642       -1.4325053675009384E-002   6.1232339957367660E-017
   7.0000000298023224E-002          20          18  -4.3023717561617429E-002 -0.99907405117297399        6.1232339957367660E-017
   7.0000000298023224E-002          20          19 -0.98651173179619112      -0.16369057098220383        6.1232339957367660E-017
   7.0000000298023224E-002          20          20   2.7214012583684447E-002 -0.99962963017264306        6.1232339957367660E-017
